0.000000 0.000000 0.000000 
0.000000 0.125000 0.000000 
0.000000 0.250000 -0.000000 
0.000000 0.375000 -0.000000 
0.000000 0.500000 -0.000000 
0.000000 0.625000 0.000000 
0.000000 0.750000 0.000000 
0.000000 0.875000 0.000000 
0.000000 1.000000 0.000000 
0.125000 0.000000 0.000000 
0.125000 0.125000 0.011963 
0.125000 0.250000 0.020508 
0.125000 0.375000 0.025635 
0.125000 0.500000 0.027344 
0.125000 0.625000 0.025635 
0.125000 0.750000 0.020508 
0.125000 0.875000 0.011963 
0.125000 1.000000 0.000000 
0.250000 0.000000 0.000000 
0.250000 0.125000 0.020508 
0.250000 0.250000 0.035156 
0.250000 0.375000 0.043945 
0.250000 0.500000 0.046875 
0.250000 0.625000 0.043945 
0.250000 0.750000 0.035156 
0.250000 0.875000 0.020508 
0.250000 1.000000 0.000000 
0.375000 0.000000 0.000000 
0.375000 0.125000 0.025635 
0.375000 0.250000 0.043945 
0.375000 0.375000 0.054932 
0.375000 0.500000 0.058594 
0.375000 0.625000 0.054932 
0.375000 0.750000 0.043945 
0.375000 0.875000 0.025635 
0.375000 1.000000 0.000000 
0.500000 0.000000 -0.000000 
0.500000 0.125000 0.027344 
0.500000 0.250000 0.046875 
0.500000 0.375000 0.058594 
0.500000 0.500000 0.062500 
0.500000 0.625000 0.058594 
0.500000 0.750000 0.046875 
0.500000 0.875000 0.027344 
0.500000 1.000000 -0.000000 
0.625000 0.000000 0.000000 
0.625000 0.125000 0.025635 
0.625000 0.250000 0.043945 
0.625000 0.375000 0.054932 
0.625000 0.500000 0.058594 
0.625000 0.625000 0.054932 
0.625000 0.750000 0.043945 
0.625000 0.875000 0.025635 
0.625000 1.000000 -0.000000 
0.750000 0.000000 0.000000 
0.750000 0.125000 0.020508 
0.750000 0.250000 0.035156 
0.750000 0.375000 0.043945 
0.750000 0.500000 0.046875 
0.750000 0.625000 0.043945 
0.750000 0.750000 0.035156 
0.750000 0.875000 0.020508 
0.750000 1.000000 -0.000000 
0.875000 0.000000 -0.000000 
0.875000 0.125000 0.011963 
0.875000 0.250000 0.020508 
0.875000 0.375000 0.025635 
0.875000 0.500000 0.027344 
0.875000 0.625000 0.025635 
0.875000 0.750000 0.020508 
0.875000 0.875000 0.011963 
0.875000 1.000000 0.000000 
1.000000 0.000000 0.000000 
1.000000 0.125000 0.000000 
1.000000 0.250000 0.000000 
1.000000 0.375000 0.000000 
1.000000 0.500000 0.000000 
1.000000 0.625000 0.000000 
1.000000 0.750000 0.000000 
1.000000 0.875000 0.000000 
1.000000 1.000000 0.000000 
