0.000000 0.000000 70.000000 
0.000000 0.002500 70.000000 
0.000000 0.005000 70.000000 
0.000000 0.007500 70.000000 
0.000000 0.010000 70.000000 
0.000000 0.012500 70.000000 
0.000000 0.015000 70.000000 
0.000000 0.017500 70.000000 
0.000000 0.020000 70.000000 
0.000000 0.022500 70.000000 
0.000000 0.025000 70.000000 
0.002500 0.000000 70.000000 
0.002500 0.002500 70.000682 
0.002500 0.005000 70.001363 
0.002500 0.007500 70.002012 
0.002500 0.010000 70.002530 
0.002500 0.012500 70.002749 
0.002500 0.015000 70.002530 
0.002500 0.017500 70.002012 
0.002500 0.020000 70.001363 
0.002500 0.022500 70.000682 
0.002500 0.025000 70.000000 
0.005000 0.000000 70.000000 
0.005000 0.002500 70.001363 
0.005000 0.005000 70.002759 
0.005000 0.007500 70.004155 
0.005000 0.010000 70.005360 
0.005000 0.012500 70.005935 
0.005000 0.015000 70.005360 
0.005000 0.017500 70.004155 
0.005000 0.020000 70.002759 
0.005000 0.022500 70.001363 
0.005000 0.025000 70.000000 
0.007500 0.000000 70.000000 
0.007500 0.002500 70.002012 
0.007500 0.005000 70.004155 
0.007500 0.007500 70.006488 
0.007500 0.010000 70.008821 
0.007500 0.012500 70.010271 
0.007500 0.015000 70.008821 
0.007500 0.017500 70.006488 
0.007500 0.020000 70.004155 
0.007500 0.022500 70.002012 
0.007500 0.025000 70.000000 
0.010000 0.000000 70.000000 
0.010000 0.002500 70.002530 
0.010000 0.005000 70.005360 
0.010000 0.007500 70.008821 
0.010000 0.010000 70.013165 
0.010000 0.012500 70.017508 
0.010000 0.015000 70.013165 
0.010000 0.017500 70.008821 
0.010000 0.020000 70.005360 
0.010000 0.022500 70.002530 
0.010000 0.025000 70.000000 
0.012500 0.000000 70.000000 
0.012500 0.002500 70.002749 
0.012500 0.005000 70.005935 
0.012500 0.007500 70.010271 
0.012500 0.010000 70.017508 
0.012500 0.012500 70.032478 
0.012500 0.015000 70.017508 
0.012500 0.017500 70.010271 
0.012500 0.020000 70.005935 
0.012500 0.022500 70.002749 
0.012500 0.025000 70.000000 
0.015000 0.000000 70.000000 
0.015000 0.002500 70.002530 
0.015000 0.005000 70.005360 
0.015000 0.007500 70.008821 
0.015000 0.010000 70.013165 
0.015000 0.012500 70.017508 
0.015000 0.015000 70.013165 
0.015000 0.017500 70.008821 
0.015000 0.020000 70.005360 
0.015000 0.022500 70.002530 
0.015000 0.025000 70.000000 
0.017500 0.000000 70.000000 
0.017500 0.002500 70.002012 
0.017500 0.005000 70.004155 
0.017500 0.007500 70.006488 
0.017500 0.010000 70.008821 
0.017500 0.012500 70.010271 
0.017500 0.015000 70.008821 
0.017500 0.017500 70.006488 
0.017500 0.020000 70.004155 
0.017500 0.022500 70.002012 
0.017500 0.025000 70.000000 
0.020000 0.000000 70.000000 
0.020000 0.002500 70.001363 
0.020000 0.005000 70.002759 
0.020000 0.007500 70.004155 
0.020000 0.010000 70.005360 
0.020000 0.012500 70.005935 
0.020000 0.015000 70.005360 
0.020000 0.017500 70.004155 
0.020000 0.020000 70.002759 
0.020000 0.022500 70.001363 
0.020000 0.025000 70.000000 
0.022500 0.000000 70.000000 
0.022500 0.002500 70.000682 
0.022500 0.005000 70.001363 
0.022500 0.007500 70.002012 
0.022500 0.010000 70.002530 
0.022500 0.012500 70.002749 
0.022500 0.015000 70.002530 
0.022500 0.017500 70.002012 
0.022500 0.020000 70.001363 
0.022500 0.022500 70.000682 
0.022500 0.025000 70.000000 
0.025000 0.000000 70.000000 
0.025000 0.002500 70.000000 
0.025000 0.005000 70.000000 
0.025000 0.007500 70.000000 
0.025000 0.010000 70.000000 
0.025000 0.012500 70.000000 
0.025000 0.015000 70.000000 
0.025000 0.017500 70.000000 
0.025000 0.020000 70.000000 
0.025000 0.022500 70.000000 
0.025000 0.025000 70.000000 
