0.000000 0.000000 0.000000 
0.000000 0.142857 0.000000 
0.000000 0.285714 -0.000000 
0.000000 0.428571 -0.000000 
0.000000 0.571429 -0.000000 
0.000000 0.714286 -0.000000 
0.000000 0.857143 0.000000 
0.000000 1.000000 0.000000 
0.142857 0.000000 0.000000 
0.142857 0.142857 0.014994 
0.142857 0.285714 0.024990 
0.142857 0.428571 0.029988 
0.142857 0.571429 0.029988 
0.142857 0.714286 0.024990 
0.142857 0.857143 0.014994 
0.142857 1.000000 0.000000 
0.285714 0.000000 0.000000 
0.285714 0.142857 0.024990 
0.285714 0.285714 0.041649 
0.285714 0.428571 0.049979 
0.285714 0.571429 0.049979 
0.285714 0.714286 0.041649 
0.285714 0.857143 0.024990 
0.285714 1.000000 -0.000000 
0.428571 0.000000 0.000000 
0.428571 0.142857 0.029988 
0.428571 0.285714 0.049979 
0.428571 0.428571 0.059975 
0.428571 0.571429 0.059975 
0.428571 0.714286 0.049979 
0.428571 0.857143 0.029988 
0.428571 1.000000 0.000000 
0.571429 0.000000 -0.000000 
0.571429 0.142857 0.029988 
0.571429 0.285714 0.049979 
0.571429 0.428571 0.059975 
0.571429 0.571429 0.059975 
0.571429 0.714286 0.049979 
0.571429 0.857143 0.029988 
0.571429 1.000000 -0.000000 
0.714286 0.000000 0.000000 
0.714286 0.142857 0.024990 
0.714286 0.285714 0.041649 
0.714286 0.428571 0.049979 
0.714286 0.571429 0.049979 
0.714286 0.714286 0.041649 
0.714286 0.857143 0.024990 
0.714286 1.000000 0.000000 
0.857143 0.000000 -0.000000 
0.857143 0.142857 0.014994 
0.857143 0.285714 0.024990 
0.857143 0.428571 0.029988 
0.857143 0.571429 0.029988 
0.857143 0.714286 0.024990 
0.857143 0.857143 0.014994 
0.857143 1.000000 0.000000 
1.000000 0.000000 0.000000 
1.000000 0.142857 0.000000 
1.000000 0.285714 0.000000 
1.000000 0.428571 0.000000 
1.000000 0.571429 0.000000 
1.000000 0.714286 0.000000 
1.000000 0.857143 0.000000 
1.000000 1.000000 0.000000 
