0.000000 0.000000 0.000000 
0.000000 0.166667 0.000000 
0.000000 0.333333 0.000000 
0.000000 0.500000 -0.000000 
0.000000 0.666667 0.000000 
0.000000 0.833333 0.000000 
0.000000 1.000000 0.000000 
0.166667 0.000000 0.000000 
0.166667 0.166667 0.019290 
0.166667 0.333333 0.030864 
0.166667 0.500000 0.034722 
0.166667 0.666667 0.030864 
0.166667 0.833333 0.019290 
0.166667 1.000000 0.000000 
0.333333 0.000000 -0.000000 
0.333333 0.166667 0.030864 
0.333333 0.333333 0.049383 
0.333333 0.500000 0.055556 
0.333333 0.666667 0.049383 
0.333333 0.833333 0.030864 
0.333333 1.000000 -0.000000 
0.500000 0.000000 -0.000000 
0.500000 0.166667 0.034722 
0.500000 0.333333 0.055556 
0.500000 0.500000 0.062500 
0.500000 0.666667 0.055556 
0.500000 0.833333 0.034722 
0.500000 1.000000 -0.000000 
0.666667 0.000000 -0.000000 
0.666667 0.166667 0.030864 
0.666667 0.333333 0.049383 
0.666667 0.500000 0.055556 
0.666667 0.666667 0.049383 
0.666667 0.833333 0.030864 
0.666667 1.000000 -0.000000 
0.833333 0.000000 -0.000000 
0.833333 0.166667 0.019290 
0.833333 0.333333 0.030864 
0.833333 0.500000 0.034722 
0.833333 0.666667 0.030864 
0.833333 0.833333 0.019290 
0.833333 1.000000 0.000000 
1.000000 0.000000 0.000000 
1.000000 0.166667 0.000000 
1.000000 0.333333 0.000000 
1.000000 0.500000 0.000000 
1.000000 0.666667 0.000000 
1.000000 0.833333 0.000000 
1.000000 1.000000 0.000000 
