0.000000 0.000000 0.000000 
0.000000 0.200000 -0.000000 
0.000000 0.400000 -0.000000 
0.000000 0.600000 0.000000 
0.000000 0.800000 -0.000000 
0.000000 1.000000 0.000000 
0.200000 0.000000 0.000000 
0.200000 0.200000 0.025600 
0.200000 0.400000 0.038400 
0.200000 0.600000 0.038400 
0.200000 0.800000 0.025600 
0.200000 1.000000 0.000000 
0.400000 0.000000 0.000000 
0.400000 0.200000 0.038400 
0.400000 0.400000 0.057600 
0.400000 0.600000 0.057600 
0.400000 0.800000 0.038400 
0.400000 1.000000 0.000000 
0.600000 0.000000 0.000000 
0.600000 0.200000 0.038400 
0.600000 0.400000 0.057600 
0.600000 0.600000 0.057600 
0.600000 0.800000 0.038400 
0.600000 1.000000 -0.000000 
0.800000 0.000000 -0.000000 
0.800000 0.200000 0.025600 
0.800000 0.400000 0.038400 
0.800000 0.600000 0.038400 
0.800000 0.800000 0.025600 
0.800000 1.000000 0.000000 
1.000000 0.000000 0.000000 
1.000000 0.200000 0.000000 
1.000000 0.400000 0.000000 
1.000000 0.600000 0.000000 
1.000000 0.800000 0.000000 
1.000000 1.000000 0.000000 
