0.000000 0.000000 0.000000 
0.000000 0.111111 -0.000000 
0.000000 0.222222 0.000000 
0.000000 0.333333 0.000000 
0.000000 0.444444 -0.000000 
0.000000 0.555556 0.000000 
0.000000 0.666667 -0.000000 
0.000000 0.777778 -0.000000 
0.000000 0.888889 -0.000000 
0.000000 1.000000 0.000000 
0.111111 0.000000 0.000000 
0.111111 0.111111 0.009755 
0.111111 0.222222 0.017071 
0.111111 0.333333 0.021948 
0.111111 0.444444 0.024387 
0.111111 0.555556 0.024387 
0.111111 0.666667 0.021948 
0.111111 0.777778 0.017071 
0.111111 0.888889 0.009755 
0.111111 1.000000 0.000000 
0.222222 0.000000 -0.000000 
0.222222 0.111111 0.017071 
0.222222 0.222222 0.029873 
0.222222 0.333333 0.038409 
0.222222 0.444444 0.042676 
0.222222 0.555556 0.042676 
0.222222 0.666667 0.038409 
0.222222 0.777778 0.029873 
0.222222 0.888889 0.017071 
0.222222 1.000000 0.000000 
0.333333 0.000000 0.000000 
0.333333 0.111111 0.021948 
0.333333 0.222222 0.038409 
0.333333 0.333333 0.049383 
0.333333 0.444444 0.054870 
0.333333 0.555556 0.054870 
0.333333 0.666667 0.049383 
0.333333 0.777778 0.038409 
0.333333 0.888889 0.021948 
0.333333 1.000000 0.000000 
0.444444 0.000000 -0.000000 
0.444444 0.111111 0.024387 
0.444444 0.222222 0.042676 
0.444444 0.333333 0.054870 
0.444444 0.444444 0.060966 
0.444444 0.555556 0.060966 
0.444444 0.666667 0.054870 
0.444444 0.777778 0.042676 
0.444444 0.888889 0.024387 
0.444444 1.000000 -0.000000 
0.555556 0.000000 0.000000 
0.555556 0.111111 0.024387 
0.555556 0.222222 0.042676 
0.555556 0.333333 0.054870 
0.555556 0.444444 0.060966 
0.555556 0.555556 0.060966 
0.555556 0.666667 0.054870 
0.555556 0.777778 0.042676 
0.555556 0.888889 0.024387 
0.555556 1.000000 0.000000 
0.666667 0.000000 -0.000000 
0.666667 0.111111 0.021948 
0.666667 0.222222 0.038409 
0.666667 0.333333 0.049383 
0.666667 0.444444 0.054870 
0.666667 0.555556 0.054870 
0.666667 0.666667 0.049383 
0.666667 0.777778 0.038409 
0.666667 0.888889 0.021948 
0.666667 1.000000 0.000000 
0.777778 0.000000 -0.000000 
0.777778 0.111111 0.017071 
0.777778 0.222222 0.029873 
0.777778 0.333333 0.038409 
0.777778 0.444444 0.042676 
0.777778 0.555556 0.042676 
0.777778 0.666667 0.038409 
0.777778 0.777778 0.029873 
0.777778 0.888889 0.017071 
0.777778 1.000000 0.000000 
0.888889 0.000000 0.000000 
0.888889 0.111111 0.009755 
0.888889 0.222222 0.017071 
0.888889 0.333333 0.021948 
0.888889 0.444444 0.024387 
0.888889 0.555556 0.024387 
0.888889 0.666667 0.021948 
0.888889 0.777778 0.017071 
0.888889 0.888889 0.009755 
0.888889 1.000000 0.000000 
1.000000 0.000000 0.000000 
1.000000 0.111111 0.000000 
1.000000 0.222222 0.000000 
1.000000 0.333333 0.000000 
1.000000 0.444444 0.000000 
1.000000 0.555556 0.000000 
1.000000 0.666667 0.000000 
1.000000 0.777778 0.000000 
1.000000 0.888889 0.000000 
1.000000 1.000000 0.000000 
