0.000000 0.000000 0.000000 
0.000000 0.250000 0.000000 
0.000000 0.500000 0.000000 
0.000000 0.750000 0.000000 
0.000000 1.000000 0.000000 
0.250000 0.000000 0.000000 
0.250000 0.250000 0.035156 
0.250000 0.500000 0.046875 
0.250000 0.750000 0.035156 
0.250000 1.000000 0.000000 
0.500000 0.000000 0.000000 
0.500000 0.250000 0.046875 
0.500000 0.500000 0.062500 
0.500000 0.750000 0.046875 
0.500000 1.000000 0.000000 
0.750000 0.000000 0.000000 
0.750000 0.250000 0.035156 
0.750000 0.500000 0.046875 
0.750000 0.750000 0.035156 
0.750000 1.000000 0.000000 
1.000000 0.000000 0.000000 
1.000000 0.250000 0.000000 
1.000000 0.500000 0.000000 
1.000000 0.750000 0.000000 
1.000000 1.000000 0.000000 
