50 
0.9683519161460994 
0.9012215582141915 
0.8926393630660306 
0.8911257352602052 
0.8826805430529706 
0.8605892672663199 
0.8574355619159505 
0.8542848947301088 
0.8285542495893380 
0.8268886898169991 
0.7652653438699833 
0.7643980554456826 
0.7429824915538928 
0.6989076325970033 
0.6948714671675046 
0.6773896414615914 
0.6766323283514099 
0.6737978426594901 
0.6187985088129295 
0.6168944196769963 
0.6122035419062080 
0.6016758516005952 
0.5565935776525009 
0.5283288356411437 
0.4378998639154728 
0.3986156957420895 
0.3634103711178126 
0.3614629839998642 
0.3369763214866156 
0.3306181256375381 
0.2885504670687651 
0.2861000272166832 
0.2829996832822260 
0.2653309511739136 
0.2598432358710994 
0.2307086275062205 
0.2165847842057907 
0.2103596354728546 
0.2023188159551406 
0.1630557624395123 
0.1432888726219504 
0.1396459939194897 
0.1099784787506773 
0.1018398891981976 
0.1007751790359184 
0.0981906204968331 
0.0871211864042264 
0.0794106291997744 
0.0416867390528134 
0.0125013099156623 
