100
0.1122023939067046 
0.3132337745626695 
0.4372370620579665 
0.1325788538858987 
0.0820118867469104 
0.2232303529010229 
0.1753118115535703 
0.3260422020284923 
0.4703179016350035 
0.8429563047180918 
0.0362722668564560 
0.9321895792067054 
0.0718903440466665 
0.9808225476489815 
0.3484941041835681 
0.7411359181078265 
0.2147864072208355 
0.7084574826254408 
0.8977594088176992 
0.4475478540245249 
0.0632167132393736 
0.9908007345774678 
0.3917991286613601 
0.0771975641853608 
0.2012441253084020 
0.0155754246370030 
0.8442014852571996 
0.2080485035469742 
0.9920612128955862 
0.1373775941959424 
0.9721548354486429 
0.8405715012794559 
0.4651104920346654 
0.4729783908756385 
0.5331841927530769 
0.3662753493829347 
0.9885404157335528 
0.8116651997196408 
0.3687145365388985 
0.7707987641749025 
0.5654175303449852 
0.7171227733395931 
0.5669598811213590 
0.5609467259556710 
0.2900819641371961 
0.8602220155417389 
0.5752898923561003 
0.5872811988394445 
0.5204666485471149 
0.1858605030494740 
0.7386969522498091 
0.5696453104599487 
0.5339705599720062 
0.6313407871282037 
0.4651801470857750 
0.7676360984989407 
0.3885500325669498 
0.9747506073585326 
0.1105706198457784 
0.5505212995083579 
0.6673244157817912 
0.3050095356010473 
0.2973073859441815 
0.5844688358107590 
0.9959017343163319 
0.4844613948721544 
0.1722708100864183 
0.2770892216304417 
0.6258640319132412 
0.4865271446609524 
0.7229566844127140 
0.8053674004943296 
0.4613310342713542 
0.7155544514346509 
0.9198998807719855 
0.4269730909463048 
0.7799223254607108 
0.0090109652098375 
0.1733103337745280 
0.9001650819288725 
0.0333280712827475 
0.7320432291260499 
0.7035812845457226 
0.2566173303798969 
0.4266040009261258 
0.7702980682918638 
0.6244487308387920 
0.9029088968320346 
0.9531832145791801 
0.1069344038609471 
0.8090715162753070 
0.9696196160609777 
0.1562025928018219 
0.2772255376824124 
0.6663869585860591 
0.9830745215592330 
0.3495465862554045 
0.4042742040927256 
0.8519421383125485 
0.1900475840251750 
