1000
0.0018720726259877 
0.4572972325428678 
0.1628849037690498 
0.3492793188457035 
0.2340559090162716 
0.1783711074848664 
0.8167985859585980 
0.7425379610360097 
0.0341048349546677 
0.2604421367150740 
0.7486769988477475 
0.7239289270948652 
0.7826867885290644 
0.9625581231253336 
0.2725612608802109 
0.7579989358973301 
0.8581811352982678 
0.4876659335287555 
0.7611266233387920 
0.8850566941539488 
0.9824142297519779 
0.8281683442430134 
0.1761341314569719 
0.6036988415853526 
0.6813895327027559 
0.3798302705953766 
0.6491059343321718 
0.9324849138584342 
0.0980006768875684 
0.5926718307715424 
0.6888759750026241 
0.1967712144288163 
0.5541615536894660 
0.8216342618797746 
0.7854410949364263 
0.4568649201727280 
0.9619387536387470 
0.2041923380169097 
0.1829331418127198 
0.4574201338500357 
0.6185227280298607 
0.4193924187512973 
0.4455209874840189 
0.1487404031633029 
0.9526553333195192 
0.8621508407573902 
0.6822364539384181 
0.7072276758467698 
0.7269984489909245 
0.4882937411061499 
0.8935981729963457 
0.3601240822189395 
0.7729747190543422 
0.2432324027384364 
0.7316754090601464 
0.4191909241465456 
0.8261458570778224 
0.5437898971965761 
0.2643929709266708 
0.6365658338767487 
0.6126311463868535 
0.1451527229820629 
0.7743875849856342 
0.0850660298205013 
0.7531224887477012 
0.0542530318166681 
0.4766894632453698 
0.7395240388087654 
0.2244102130790406 
0.5312472835612736 
0.1606141682372211 
0.2130407277140915 
0.3154461434084670 
0.1211163455162227 
0.3520470271894507 
0.5195194440459235 
0.4312053253565540 
0.9066147909691956 
0.0020381717711914 
0.0789929379444835 
0.0379075075975609 
0.2135764505084500 
0.5319276236752901 
0.2694889308897450 
0.0785448710800547 
0.6848135032382479 
0.0667331446774337 
0.0505250108080246 
0.5690131738034109 
0.2461376800882575 
0.4986170024744364 
0.0241048253047709 
0.3323514728702526 
0.8756750125724433 
0.2394384649939302 
0.0703985957479495 
0.2846156351157422 
0.4242866044149867 
0.7175011156370409 
0.1199944570101545 
0.8502429460282728 
0.4682384304744299 
0.9454982994209834 
0.2961587539036531 
0.6108193592223601 
0.1511359136985370 
0.7501535845716060 
0.1504317168091195 
0.1898341696567400 
0.2539436746202194 
0.0865885690686942 
0.1140922027743380 
0.2447299046319766 
0.5858806563525425 
0.1828461125987724 
0.7049370087029554 
0.6699568045323937 
0.9151788470654811 
0.9995405217921751 
0.4005917767301423 
0.6865493546684270 
0.8243316700415482 
0.9132946433795809 
0.6400466483828350 
0.0603373478696096 
0.7551745015721648 
0.4772041689689263 
0.7904522853580809 
0.8339940949704201 
0.0485602104502240 
0.4874513534093731 
0.5148793409842303 
0.0626555309582678 
0.8285802558102027 
0.9588806648269682 
0.5351429154313985 
0.0898803287521038 
0.9761158461502568 
0.7024743917618759 
0.0007241927959399 
0.1666429651519854 
0.1580340936501592 
0.5223155459160684 
0.5285634757638191 
0.8339579187549448 
0.1667461870147305 
0.9336973407005205 
0.2890697339931169 
0.3863294512147255 
0.1499437565417816 
0.2956051237087897 
0.2761829681228820 
0.3677796361735960 
0.5275863027358875 
0.8604149267437591 
0.5741082037669792 
0.3879804913846919 
0.6137426039011131 
0.1552061014820356 
0.6348885826586886 
0.3592657836283198 
0.8551538439300720 
0.7892903604575695 
0.1870344574990529 
0.6822175385885726 
0.2541075734336445 
0.0933253470235758 
0.6408309644421892 
0.7733203733371135 
0.1868042214472694 
0.0028850154441328 
0.5254304432797920 
0.3546597231533725 
0.4838432242703377 
0.8069151521137108 
0.4617929897887457 
0.7505840409923271 
0.7205870018916211 
0.7950531109047601 
0.0912386118500829 
0.3287023084322461 
0.6843480737892467 
0.3910189221929785 
0.7798529448078068 
0.3325375369557677 
0.5012822391320717 
0.3458872620175749 
0.8458069739951349 
0.7377984971633582 
0.5699041433350909 
0.8475722442872986 
0.9440680495923962 
0.8863859200114904 
0.3522692487627930 
0.0478029325670553 
0.4198448907476736 
0.8622422793601560 
0.1882261689902409 
0.9577157372194748 
0.5319075927613147 
0.1845529591796876 
0.6724026582734438 
0.8311882902225648 
0.7166527431986673 
0.9309110142058233 
0.4682609084718915 
0.6155832875370434 
0.8939311584682768 
0.5228159045105732 
0.9384046188872470 
0.5003118035222703 
0.3372065103860364 
0.0075745872680683 
0.6279197578156311 
0.1821675185933871 
0.7959793016439471 
0.1839425087828503 
0.3483285936588809 
0.8984939043394675 
0.3360356307614186 
0.5605399015544147 
0.9596175743210144 
0.0445609042705484 
0.1168236115950396 
0.0130168698302877 
0.6774268607111039 
0.8561843318160451 
0.5234128078272846 
0.3766332900657782 
0.4215815393243437 
0.1540888771046773 
0.1227274787633503 
0.4629936198171539 
0.5151663727659037 
0.0066916932416820 
0.0982855364872846 
0.5149493996614614 
0.5671630091442809 
0.2320135997182475 
0.9509498564269744 
0.1747257152025217 
0.0692589697138712 
0.8212400352373981 
0.1035474501686664 
0.8376256869204677 
0.3089510172100419 
0.1242659920128111 
0.6112010271326888 
0.9765291877818291 
0.0821429244257899 
0.6652757355510558 
0.0780480969423232 
0.3854460365466575 
0.5851136612031963 
0.6167692811897655 
0.7755037356659565 
0.1340274023277453 
0.6068903595591608 
0.1658453290672365 
0.8166105837402007 
0.6586839045449828 
0.6255855458854783 
0.3597002427857544 
0.0904722810073952 
0.4907741027982555 
0.4329703907538780 
0.5872120468857729 
0.7538310430888451 
0.6265628902605276 
0.1115812850230639 
0.9521307340952728 
0.1039701488454954 
0.9691474984022327 
0.5114881577953013 
0.9244004524789968 
0.0797512265328286 
0.5341261767618445 
0.1905639557558664 
0.9139578964150448 
0.7099504957022225 
0.7622500855184883 
0.6021257221596453 
0.7717415882650122 
0.2390085055927221 
0.4820627784697658 
0.8693112604467484 
0.4316882320350437 
0.7932346898525403 
0.9521172165185042 
0.7022380829555277 
0.2987568298769463 
0.2457953173595409 
0.7754760614428100 
0.5560704776149870 
0.3181845491808061 
0.3748016343154229 
0.0525316189863068 
0.0952019434807833 
0.0294041822204977 
0.3216761988299762 
0.0749902850422487 
0.6557531484106843 
0.3757615781701302 
0.9406414801775942 
0.6279413305041039 
0.7886384893464905 
0.2462630891333601 
0.0925262400128524 
0.8699177036951800 
0.2389288854137810 
0.4050639913142207 
0.9587188071576963 
0.6308102193934417 
0.8040987270590207 
0.5189631982629395 
0.8014379137745964 
0.9420597435716680 
0.1608111971796636 
0.4262559621631059 
0.3193145387011335 
0.5154242774246978 
0.0499856989137071 
0.3890671851676497 
0.5361045925305893 
0.0995117706529524 
0.3803767712203044 
0.2441027822851446 
0.2978581566247241 
0.4226048542677939 
0.7451575152852008 
0.4197162770610596 
0.6701036314826091 
0.7650720374219685 
0.8109708469689348 
0.4494693790519753 
0.2053294936487517 
0.8249209584569881 
0.4626025293134294 
0.7259159175144073 
0.2440206349095252 
0.1563909483397489 
0.0226397323524007 
0.5525854913749441 
0.8468425373128878 
0.1918141326607520 
0.3846231141826465 
0.0670446205697653 
0.3558131412730593 
0.2636718976089493 
0.2065770394282976 
0.3551899915450583 
0.2333360726870584 
0.6332809833758515 
0.2583136376446780 
0.5739215026198892 
0.3523741339941439 
0.9507736738768947 
0.4199066612081521 
0.9326644200018437 
0.3008503288395709 
0.9197425959130261 
0.4280546412581276 
0.7075096709581893 
0.7832040212506941 
0.0572545033972212 
0.6849999877795111 
0.6560694689389728 
0.7202820279032739 
0.9547424750381314 
0.3114980157126026 
0.2883419102040347 
0.6610473569181425 
0.2192618583676755 
0.0758299184692069 
0.0145247510716617 
0.4063280708036466 
0.8814413886802052 
0.5331551619897715 
0.5847894795884738 
0.4359180339444936 
0.2414252107054555 
0.6640010984802652 
0.3508080312047067 
0.9190949776457964 
0.0722910730531091 
0.5907349600617616 
0.0670645159819506 
0.5533912834033218 
0.9497403784284539 
0.4422190425240669 
0.9671522158681990 
0.4577793235125907 
0.9831265957880531 
0.8790571502137257 
0.4464018775129438 
0.4121431085059546 
0.4396632418671469 
0.2851753426988500 
0.4124626426024187 
0.9636181922055876 
0.2206640956304954 
0.0685504713940607 
0.0249320508200029 
0.2233225692432865 
0.6957760217076552 
0.6917493721554084 
0.8900593643447323 
0.2276398062899184 
0.6931377856945585 
0.3344997053092599 
0.2427567810872652 
0.1814585450224891 
0.3697811796983606 
0.9749268695194627 
0.1821914752969956 
0.2607217418769577 
0.0615312101429603 
0.8965140461776970 
0.3464567881294016 
0.4853225844380360 
0.2479978772490111 
0.3384176954845504 
0.2763826894977032 
0.4001156779968068 
0.8520662212933884 
0.2355371245680493 
0.5935205478837611 
0.8198453658750243 
0.9692738699004654 
0.0353666159731035 
0.6561070402352418 
0.2263991009494145 
0.8829671887656415 
0.5594675903354858 
0.4789176770427510 
0.0653501529211185 
0.2640177032572940 
0.0471924961823261 
0.5221643626380317 
0.2566891600101736 
0.8179961906640272 
0.3677207534162336 
0.7397792448530836 
0.5405889712482118 
0.1764336808002006 
0.1170159038193868 
0.7663268211019217 
0.6968089273659259 
0.3537838653087657 
0.3230265933760124 
0.6874119534568029 
0.7369333646610700 
0.1617537001201812 
0.2526988273893388 
0.4179903941939370 
0.0737796408953286 
0.5030503002410879 
0.0154268506781770 
0.8028287207000877 
0.4536053496303644 
0.3398056032108878 
0.0466014850763703 
0.1522566987175716 
0.0427262566659860 
0.4655296931996625 
0.9638178021164759 
0.2421589603282931 
0.3726445526889293 
0.9634957500282474 
0.2471239131896832 
0.9644507094997311 
0.8829761171025259 
0.6086614549968694 
0.1773770029200488 
0.1155408740978223 
0.2440999881536398 
0.5950141148181090 
0.0452677110838694 
0.8076693471713738 
0.1865286791847334 
0.0160601455374716 
0.1909579755104499 
0.7839374993316719 
0.2169418476409565 
0.9907333057484254 
0.7007042059051946 
0.4410861651672570 
0.6444734255221511 
0.4888175983151779 
0.4980608480787220 
0.7439806446216658 
0.6692219153767360 
0.8618804867857989 
0.7720834770882936 
0.0756224333557642 
0.2081093094170309 
0.6862850542872622 
0.1400476102938860 
0.1786997388064947 
0.4733573960679005 
0.5073456580134363 
0.9500005632698688 
0.8399214417963565 
0.9117944333342537 
0.9242673705553816 
0.0569689903722799 
0.0022850188305086 
0.1696228287639532 
0.0511088600144959 
0.3781975881514275 
0.8091548761481058 
0.7111794524818175 
0.7409697313388037 
0.9054248039961070 
0.7385762580902206 
0.4990738888224977 
0.8804982436878204 
0.6668420399315426 
0.3964692593802360 
0.8565813997842805 
0.3854241130723070 
0.6035868318576706 
0.7007996019727920 
0.9382187236482679 
0.6329580288647586 
0.1253046039129718 
0.6668640626354871 
0.3633526641198817 
0.1461436795180492 
0.5999765377594054 
0.9629762856176923 
0.5725461161641172 
0.2166969863533624 
0.5488394824799824 
0.8413049898413252 
0.2236229456017766 
0.3330416099296957 
0.7073212633805334 
0.4618093175773570 
0.8434379712363638 
0.7466655380165812 
0.5000533136172831 
0.2535575067599356 
0.4828950680629307 
0.2932343469631056 
0.0459624374567440 
0.1246691425140461 
0.7774947461359525 
0.6840938353012843 
0.5611073480645165 
0.8683900166822915 
0.6965425386324833 
0.2776157262544645 
0.7621993451248171 
0.3003471826854858 
0.1466033061450048 
0.0393191516451131 
0.7880670687374055 
0.7807531270164215 
0.9783094813952086 
0.4025108177175527 
0.9836326563413752 
0.9328324921923425 
0.7440345298308764 
0.0712250077076692 
0.8470669576246420 
0.1620364024709624 
0.5930328269854199 
0.1111109479252729 
0.2434745887299279 
0.4636588073386315 
0.3221889039473599 
0.0826164371827517 
0.3420494433167401 
0.2529996267729306 
0.4871498532879539 
0.5937190248463703 
0.1314640939190438 
0.8409909535359134 
0.3789729535904992 
0.5997046015697708 
0.1127420875076223 
0.8375616521851771 
0.0135913070424835 
0.5560018541856668 
0.2932086323910716 
0.9052019201352560 
0.4830156960384825 
0.1352173514701678 
0.5624258691655359 
0.9996394200180410 
0.3104571224613428 
0.1552177056384458 
0.2273283676022598 
0.9598096990398175 
0.6356641541191557 
0.9641578398394961 
0.5770274227593724 
0.9121165735026197 
0.3687925135376248 
0.1693860712199230 
0.6480333899303032 
0.1378869097245430 
0.5908463376223712 
0.6592043983707695 
0.6935452580168563 
0.1495204597864721 
0.4179300938944729 
0.2539072881295730 
0.6488854706842070 
0.4094991422837063 
0.2757648583625344 
0.0862749727222241 
0.8803764659547753 
0.7609782396879909 
0.0179548272168376 
0.6676277509907914 
0.7277950742922660 
0.8581974377501600 
0.8783990698296487 
0.7634977974910607 
0.5588486721147974 
0.1886844001404241 
0.5583962963324660 
0.4010743944301379 
0.5818817756109455 
0.0019584168736376 
0.0637999581537617 
0.7227715811429950 
0.9924502749031902 
0.2464039244570907 
0.9888874533381138 
0.4776044181707360 
0.8835179072539356 
0.1548284200466337 
0.5300634881268138 
0.8813161860697872 
0.1109758170127370 
0.8198528641384696 
0.2241406463988126 
0.0696565810141303 
0.4418075211201732 
0.0851166700888873 
0.0579577284018641 
0.6210571530498841 
0.5052528443827032 
0.3681388812936197 
0.1453932259140999 
0.1361617914465496 
0.8447501740747565 
0.6035975170712454 
0.2256441356831433 
0.9893961374569399 
0.6264935283282730 
0.6301397086661933 
0.3978172373917878 
0.0233452907479089 
0.8081836636264886 
0.8678886497334475 
0.6287282095737059 
0.2257705019952527 
0.6660920114187974 
0.6048722667337465 
0.4682362367308348 
0.6227179197732664 
0.9875255532956604 
0.8940916483418181 
0.7744084278749516 
0.3391612040346342 
0.9774311137895360 
0.9630155909097956 
0.4038987822453101 
0.6477939589611651 
0.5993504626894615 
0.3094935065996612 
0.4299848653505700 
0.3774655917312967 
0.3706211208466120 
0.4221386603518368 
0.0814012417592116 
0.1837148632976305 
0.2557316206323778 
0.2243349959693779 
0.8843594240943347 
0.5107964913970783 
0.5160820749007982 
0.5151053806110292 
0.1341243093310459 
0.9890034898270439 
0.7036397477599772 
0.8024354197490864 
0.0465481927767923 
0.1246038282396412 
0.7622041844450039 
0.2061211122523207 
0.3810006502192754 
0.3357852000419554 
0.4306591877580094 
0.4400292277222195 
0.7192986881930225 
0.3738813989905053 
0.5660940524178524 
0.7288513504123468 
0.2165369386956528 
0.1459775114562175 
0.4792075889791744 
0.8102065544299489 
0.7757200843003903 
0.2513843984968761 
0.4536910828587184 
0.9484391570530907 
0.2074011964114847 
0.2684383102900237 
0.8241271291959001 
0.4545811015914716 
0.5587140625009902 
0.4590643458790854 
0.5814689266314946 
0.3204181330493875 
0.2595272699382668 
0.4052233902180818 
0.0129147535049273 
0.6437020131057077 
0.6255162639760845 
0.1770920903295570 
0.1773201004622325 
0.9524576031400518 
0.4482677532495745 
0.5990840565463336 
0.6697059715565844 
0.1766906874664927 
0.8289365282297756 
0.3481258591039093 
0.3865622279961992 
0.3879965721619467 
0.9840809282313424 
0.9346497447481773 
0.0894927410142585 
0.0828481216785488 
0.1651047987936368 
0.5495061548713936 
0.9055513623488741 
0.6145775636034029 
0.0494922175032605 
0.2120263182557378 
0.4425386649668479 
0.9267527799221570 
0.3528934908598098 
0.6537243025142933 
0.2921365876435253 
0.9247291928161901 
0.9488369916119922 
0.0611835674432564 
0.1177993514342682 
0.6651323437735183 
0.2101881783264203 
0.8036148972695212 
0.9408090700358155 
0.5430929703917339 
0.4287636926518118 
0.0054499837148467 
0.0063927063009958 
0.6200824705440333 
0.0716472789265382 
0.1186259216359933 
0.4873073523263970 
0.3051429337165984 
0.4426892337347158 
0.7930310435323759 
0.1645813720171702 
0.6664411400224840 
0.5415351794663993 
0.1810807488275082 
0.6818355763230252 
0.7392519797278517 
0.9170335084864717 
0.1602738987943599 
0.7492375330717469 
0.8742127925118143 
0.8568617896443455 
0.3245204771399905 
0.1421623152415713 
0.7596691532375066 
0.7612692386589134 
0.1155414825697014 
0.7441722118846330 
0.9835537184603527 
0.5184618717584478 
0.4238721282027824 
0.4617073289029976 
0.8953592048148673 
0.3803377572568837 
0.6501833332837758 
0.0326645937806040 
0.4549430507950297 
0.7774550093054158 
0.1779597674634902 
0.3886357084881302 
0.1530252927347818 
0.8385107447636679 
0.8351127620278588 
0.8656625471190045 
0.6964560133861013 
0.0222608624738201 
0.1409483555884012 
0.2674885745137294 
0.6750968531324818 
0.9752760240329545 
0.2022806176710183 
0.2312486245840478 
0.1709762220572015 
0.3802225624589143 
0.1066576562356334 
0.4897675544881545 
0.1693108816208342 
0.5646891992552540 
0.4833261992501798 
0.0224511438263910 
0.7242439658669643 
0.1879119652197294 
0.9108689599128941 
0.1824234536714345 
0.7172774928544594 
0.0064974456125753 
0.1945775054430473 
0.5682311507037930 
0.0895426207204084 
0.9288330346534849 
0.9370798872359083 
0.6664701926992020 
0.9170892199229986 
0.0781012286396282 
0.9032463509938770 
0.6869052671346182 
0.5875369213996261 
0.7302583765540368 
0.8277786829359910 
0.3486488616327792 
0.4613114252452898 
0.5084966482638618 
0.5360387524402954 
0.2862079200163686 
0.3270482057610637 
0.1415882611895167 
0.7138604120601633 
0.1229625944646286 
0.3875381195961426 
0.7837797990910410 
0.3726875517707220 
0.6925013607688125 
0.1509549001591572 
0.6769055558791036 
0.4020066190579591 
0.9990717316690571 
0.7852906499395661 
0.8548728824977311 
0.5151873642920739 
0.3554367319407702 
0.6114179126405782 
0.3397131777932551 
0.3088594042891873 
0.1961948282274196 
0.4275677672658342 
0.3205131515469518 
0.5881609281581239 
0.8326656420344234 
0.1061175625900499 
0.4156907411656006 
0.1326296734301662 
0.9270231748313077 
0.6284265278536052 
0.8721076694971353 
0.2817902177096571 
0.9642380431602878 
0.2476657892517340 
0.8847797627073388 
0.0446775320223903 
0.2949223587430366 
0.1405075989344455 
0.5884777152169132 
0.5757580055276370 
0.0845388150650156 
0.9351078455927686 
0.9621341629517540 
0.7294697132887864 
0.0323272071412452 
0.9239355312130998 
0.9639432279320601 
0.9587261932153787 
0.4625919743748159 
0.7795737121291811 
0.5870281278179105 
0.1562003520627492 
0.3783911621403059 
0.9477176492030999 
0.1137131378609059 
0.5325179274983293 
0.0131101044863794 
0.1584865903402409 
0.5396857702182725 
0.6894980360002481 
0.1321753444308004 
0.6611487567623449 
0.5879953073593842 
0.8049204965927498 
0.8781671809216394 
0.9330975412276694 
0.1255982772457599 
0.6967408110466662 
0.6009366260622931 
0.4001097051676706 
0.3115974145911445 
0.6983241211047670 
0.9686582723574624 
0.8833084260261863 
0.3759475504626687 
0.2789409273047874 
0.0400794608197466 
0.5313889812310928 
0.6956986388285501 
0.6720594089042617 
0.4919974411580598 
0.7356940416744714 
0.6710781182003765 
0.9971357273365580 
0.0622463793360465 
0.9730768495226896 
0.0677884266414115 
0.7459731918848276 
0.0978233919262813 
0.0289813440485014 
0.5281487297330396 
0.0249871561230623 
0.6372896430644083 
0.3776055476374595 
0.7254205185159925 
0.2002646029224346 
0.5806928986392119 
0.3521110001144417 
0.3060409748484909 
0.0875684716246594 
0.1004247190410962 
0.0607135931605555 
0.0729614138635454 
0.1375388454161475 
0.0222185916501729 
0.6677071535478822 
0.5194001271970694 
0.0124845762321000 
0.1342646544747397 
0.1098053103988387 
0.1227386532706984 
0.9807179059778028 
0.9625205571840524 
0.6231142270120099 
0.2809944306008132 
0.4454923636692552 
0.8240313620445192 
0.5419082198604126 
0.2943727331912135 
0.9730962740478444 
0.4720237543704587 
0.9320138270518217 
0.9634728471179312 
0.3253952924291209 
0.4265028427759353 
0.8303346155891668 
0.7361718469680101 
0.3475717580259251 
0.6993144796046312 
0.0243365456615163 
0.3750423391457171 
0.4676388272982459 
0.1848173923365226 
0.5151356570182363 
0.9610446674240413 
0.4947936198589273 
0.4701934995174113 
0.8489559895662665 
0.4270797975345129 
0.9363245996807109 
0.3075939731405022 
0.5636084541157992 
0.1646998827045236 
0.4609991516614497 
0.5241579461192184 
0.4800436790756805 
0.3715201154095031 
0.3077157530324515 
0.7472861455868554 
0.7497649024334162 
0.7185077970221189 
0.4555114437324971 
0.5176174567961704 
0.3664940528003310 
0.9266378900143244 
0.2863451301079557 
0.9279943210011166 
0.3423450258924714 
0.4564258923235986 
